#Energy_(eV) f1 f2
4.805124023743404905e+03 -3.191638414757191011e+00 5.077317022577483296e-01
4.810084973479588371e+03 -3.217778935418697639e+00 5.067571927276798283e-01
4.815045923215773655e+03 -3.247776113343477267e+00 5.057854538228296892e-01
4.820006872951957121e+03 -3.279015955521836556e+00 5.048164747185852619e-01
4.824967822688142405e+03 -3.311105673869414900e+00 5.038503027330542006e-01
4.829928772424325871e+03 -3.344260615193800135e+00 5.028868961368442303e-01
4.834889722160511155e+03 -3.378986481214782955e+00 5.019262170123379718e-01
4.840098719383504431e+03 -3.416706567658314597e+00 5.009204277628549473e-01
4.845059669119689715e+03 -3.453988721418768115e+00 4.999663949290840681e-01
4.850020618855873181e+03 -3.492722323585673028e+00 4.990150987199255539e-01
4.854981568592058466e+03 -3.533133368377937344e+00 4.980664850085991247e-01
4.859942518328241931e+03 -3.575522273783073857e+00 4.971206067462390354e-01
4.864903468064427216e+03 -3.619792669549445119e+00 4.961777180162290080e-01
4.870112465287420491e+03 -3.668486260273533084e+00 4.951905374467437948e-01
4.875073415023603957e+03 -3.717241099533130200e+00 4.942530715659281260e-01
4.880034364759789241e+03 -3.768512702648976198e+00 4.933184589393088681e-01
4.884995314495972707e+03 -3.822558911050603303e+00 4.923868238486610593e-01
4.889956264232157992e+03 -3.879983280026606973e+00 4.914577970790535710e-01
4.894917213968341457e+03 -3.940889503690597540e+00 4.905313685960876469e-01
4.899878163704526742e+03 -4.005567626365437839e+00 4.896077537993819284e-01
4.905087160927520017e+03 -4.078298556834777600e+00 4.886409458114465698e-01
4.910048110663705302e+03 -4.152912543666811729e+00 4.877228077593874778e-01
4.915009060399888767e+03 -4.233369710743042802e+00 4.868072269858362278e-01
4.919970010136074052e+03 -4.320487983456785308e+00 4.858942171581542291e-01
4.924930959872257517e+03 -4.415970423197744132e+00 4.849837557912565211e-01
4.929891909608442802e+03 -4.521060832140455510e+00 4.840758224136444410e-01
4.935100906831436077e+03 -4.644427943538659953e+00 4.831252025621937118e-01
4.940061856567619543e+03 -4.776695942759888958e+00 4.822233193416601837e-01
4.945022806303804828e+03 -4.928286126208615059e+00 4.813241342766880759e-01
4.949983756039988293e+03 -5.104858768803397950e+00 4.804274362133959531e-01
4.954944705776173578e+03 -5.316991330530384197e+00 4.795332157002503704e-01
4.955192753262983388e+03 -5.328840471487223951e+00 4.794885695413713123e-01
4.955440800749791379e+03 -5.340963462125198014e+00 4.794439295516728095e-01
4.955688848236601189e+03 -5.353058284815208623e+00 4.793993006067894247e-01
4.955936895723410998e+03 -5.365152828590054490e+00 4.793546905210640530e-01
4.956184943210218989e+03 -5.377426081046010609e+00 4.793100865992336312e-01
4.956432990697028799e+03 -5.390066236533589183e+00 4.792654888401235436e-01
4.956681038183838609e+03 -5.402834116902820227e+00 4.792208972425673896e-01
4.956929085670646600e+03 -5.415607557370351266e+00 4.791763118053952164e-01
4.957177133157456410e+03 -5.428404559227404391e+00 4.791317325274324079e-01
4.957425180644266220e+03 -5.441591341281267091e+00 4.790871594075072348e-01
4.957673228131074211e+03 -5.455090411152767160e+00 4.790425924444506878e-01
4.957921275617884021e+03 -5.468575378514635155e+00 4.789980316370986979e-01
4.958169323104693831e+03 -5.482025991114509722e+00 4.789534769842787032e-01
4.958417370591501822e+03 -5.495872107734460776e+00 4.789089284848199179e-01
4.958665418078311632e+03 -5.510132650631187623e+00 4.788643861375528887e-01
4.958913465565121442e+03 -5.524384161262882564e+00 4.788198499413141018e-01
4.959161513051929433e+03 -5.538607584136704176e+00 4.787753198949289968e-01
4.959409560538739242e+03 -5.553246522713102706e+00 4.787307959972354476e-01
4.959657608025549052e+03 -5.568335385739357157e+00 4.786862782470590605e-01
4.959905655512357043e+03 -5.583422901358453316e+00 4.786417666432379314e-01
4.960153702999166853e+03 -5.598532760527711538e+00 4.785972611846062152e-01
4.960401750485976663e+03 -5.614125068013542830e+00 4.785527618699922381e-01
4.960649797972784654e+03 -5.630167884533070932e+00 4.785082686982313760e-01
4.960897845459594464e+03 -5.646161951540485724e+00 4.784637816681570066e-01
4.961145892946404274e+03 -5.662387892068156958e+00 4.784193007786053942e-01
4.961393940433212265e+03 -5.679145746921639315e+00 4.783748260284048093e-01
4.961641987920022075e+03 -5.696243665077096452e+00 4.783303574163966232e-01
4.961890035406831885e+03 -5.713311769473456536e+00 4.782858949414108829e-01
4.962138082893641695e+03 -5.730946258291688800e+00 4.782414386022867392e-01
4.962386130380449686e+03 -5.749405244667636694e+00 4.781969883978569591e-01
4.962634177867259496e+03 -5.767892300167818398e+00 4.785758660181773649e-01
4.962882225354069305e+03 -5.786454281661066901e+00 4.790367787034416347e-01
4.963130272840877296e+03 -5.805750842440199122e+00 4.794977119320886771e-01
4.963378320327687106e+03 -5.824962798367189443e+00 4.804135063906307401e-01
4.963626367814496916e+03 -5.843882580708069874e+00 4.808462625469110963e-01
4.964122462788114717e+03 -5.884432949479311503e+00 4.809059494030947235e-01
4.964370510274924527e+03 -5.905397623001404028e+00 4.809482266630281111e-01
4.964618557761732518e+03 -5.927675528902133451e+00 4.809904995894197510e-01
4.964866605248542328e+03 -5.950893301735149521e+00 4.817971443301946599e-01
4.965114652735352138e+03 -5.973956915703967141e+00 4.832448778168139114e-01
4.965362700222160129e+03 -5.997544365288081991e+00 4.846931889409805683e-01
4.965610747708969939e+03 -6.021978297162445593e+00 4.861420782148097586e-01
4.965858795195779749e+03 -6.046751539353125260e+00 4.883836866743034300e-01
4.966106842682587740e+03 -6.072189601553100502e+00 4.906268280338926258e-01
4.966354890169397549e+03 -6.098013178192976724e+00 4.930101619560843806e-01
4.966602937656207359e+03 -6.124926217269251794e+00 4.953952461451027189e-01
4.966850985143015350e+03 -6.153625596470455150e+00 4.981461079018576488e-01
4.967099032629825160e+03 -6.183411318423232217e+00 5.017638086210832737e-01
4.967347080116634970e+03 -6.215408222347936551e+00 5.067926583658145523e-01
4.967595127603442961e+03 -6.248487212034511629e+00 5.140777587039868646e-01
4.967843175090252771e+03 -6.284658702686752640e+00 5.241589353298954368e-01
4.968091222577062581e+03 -6.320220348309813829e+00 5.434388077953292706e-01
4.968339270063870572e+03 -6.347298546429537502e+00 5.676131931560999266e-01
4.968587317550680382e+03 -6.364428456860533601e+00 5.919932280769717448e-01
4.968835365037490192e+03 -6.368987650984625049e+00 6.071217752209537855e-01
4.969083412524298183e+03 -6.377315933920876923e+00 6.012251650040105755e-01
4.969331460011107993e+03 -6.400937415747058878e+00 5.893353130658909311e-01
4.969579507497917803e+03 -6.441064847390080672e+00 5.774964501488069057e-01
4.969827554984725793e+03 -6.494052093067138820e+00 5.802543644834249337e-01
4.970075602471535603e+03 -6.548934349482244954e+00 5.995818865785469409e-01
4.970323649958345413e+03 -6.595367613812853413e+00 6.362425778983749058e-01
4.970571697445153404e+03 -6.625569030707200824e+00 6.812670646803203889e-01
4.970819744931963214e+03 -6.631756326656495837e+00 7.270009144971372184e-01
4.971067792418773024e+03 -6.617749367378776171e+00 7.478319271763547160e-01
4.971315839905582834e+03 -6.614185472031658186e+00 7.374253058219075729e-01
4.971563887392390825e+03 -6.632556641953668120e+00 7.199289732116916918e-01
4.971811934879200635e+03 -6.668564783287641795e+00 7.025394467821881594e-01
4.972059982366010445e+03 -6.718465707940159959e+00 6.956673925246279477e-01
4.972308029852818436e+03 -6.774858948044253815e+00 6.996488200456952855e-01
4.972556077339628246e+03 -6.834184905424797840e+00 7.154141715167605664e-01
4.972804124826438056e+03 -6.894982778680809332e+00 7.424684489729262982e-01
4.973052172313246047e+03 -6.951896590432964373e+00 7.857237455675440962e-01
4.973300219800055856e+03 -6.994448559962848755e+00 8.407251648778998332e-01
4.973548267286865666e+03 -7.021763022975713753e+00 8.967619985199684063e-01
4.973796314773673657e+03 -7.035861148098973672e+00 9.516585434429840618e-01
4.974044362260483467e+03 -7.035124872318521128e+00 9.979269880011033544e-01
4.974292409747293277e+03 -7.030020998775517782e+00 1.027396019366994873e+00
4.974540457234101268e+03 -7.028933080504263131e+00 1.046929651923504512e+00
4.974788504720911078e+03 -7.032188955272919983e+00 1.060186071182054768e+00
4.975036552207720888e+03 -7.039625586168355653e+00 1.069574416522286686e+00
4.975284599694528879e+03 -7.051712649999184457e+00 1.076221197787834427e+00
4.975532647181338689e+03 -7.067697391869447898e+00 1.082882078697555039e+00
4.975780694668148499e+03 -7.085388307168596356e+00 1.090595139177518380e+00
4.976028742154956490e+03 -7.100735707720137846e+00 1.098326820104869261e+00
4.976276789641766300e+03 -7.114701548827446764e+00 1.100602310988278321e+00
4.976524837128576110e+03 -7.128688432461806279e+00 1.096712476424425153e+00
4.976772884615384100e+03 -7.147400576277559203e+00 1.082403849669323570e+00
4.977020932102193910e+03 -7.176046550103825084e+00 1.061397699410327577e+00
4.977268979589003720e+03 -7.217046751067711874e+00 1.036067241768283465e+00
4.977517027075811711e+03 -7.274271480238692966e+00 1.010947492471762743e+00
4.977765074562621521e+03 -7.344691784173127402e+00 9.962327217050276351e-01
4.978013122049431331e+03 -7.420775114107597048e+00 9.915376288103121549e-01
4.978261169536239322e+03 -7.497922447527711753e+00 9.964272642103315647e-01
4.978509217023049132e+03 -7.574074468916004221e+00 1.004079709869495129e+00
4.978757264509858942e+03 -7.653007395351236752e+00 1.011750738645740277e+00
4.979005311996666933e+03 -7.738580153966649000e+00 1.019614438279446311e+00
4.979253359483476743e+03 -7.832140884769732914e+00 1.030200382153539262e+00
4.979501406970286553e+03 -7.936396073132462092e+00 1.043361145299450676e+00
4.979749454457094544e+03 -8.054059196788248443e+00 1.065620723701861117e+00
4.979997501943904354e+03 -8.180528869113761203e+00 1.100716448668945358e+00
4.980245549430714163e+03 -8.317144699254674478e+00 1.148194316793309966e+00
4.980493596917523973e+03 -8.459126308572480823e+00 1.214232411908963361e+00
4.980741644404331964e+03 -8.610177397430115676e+00 1.293367860181196871e+00
4.980989691891141774e+03 -8.767122370198807246e+00 1.401238448454115826e+00
4.981237739377951584e+03 -8.922140221110486991e+00 1.532266208620598480e+00
4.981485786864759575e+03 -9.072365984247321435e+00 1.693351429278854736e+00
4.981733834351569385e+03 -9.210428389368313873e+00 1.879661469286912023e+00
4.981981881838379195e+03 -9.332171297908669061e+00 2.092525097755687735e+00
4.982229929325187186e+03 -9.437765584593606150e+00 2.325041075995848416e+00
4.982477976811996996e+03 -9.525247166843415769e+00 2.588131678024973681e+00
4.982726024298806806e+03 -9.582965980778835657e+00 2.880039270701904908e+00
4.982974071785614797e+03 -9.601721827262169384e+00 3.203384797594402755e+00
4.983222119272424607e+03 -9.559856919523626928e+00 3.554149238364896490e+00
4.983470166759234417e+03 -9.439631189429052327e+00 3.910976968894499528e+00
4.983718214246042407e+03 -9.226453281965243391e+00 4.246624961489700034e+00
4.983966261732852217e+03 -8.923230035363753032e+00 4.505117085668721266e+00
4.984214309219662027e+03 -8.597485946981928251e+00 4.646878213240573707e+00
4.984462356706470018e+03 -8.279250698503920702e+00 4.708851000031095246e+00
4.984710404193279828e+03 -8.012525135775620200e+00 4.667762127946709860e+00
4.984958451680089638e+03 -7.828699362047769839e+00 4.611183907191027664e+00
4.985206499166897629e+03 -7.685162827650001027e+00 4.551692894539685064e+00
4.985454546653707439e+03 -7.590565072307694727e+00 4.492929928867861022e+00
4.985702594140517249e+03 -7.523621307889942322e+00 4.468966362495781830e+00
4.985950641627325240e+03 -7.456561970935483785e+00 4.461532957049926473e+00
4.986198689114135050e+03 -7.391234542228878546e+00 4.464888392797568883e+00
4.986446736600944860e+03 -7.317311873736780825e+00 4.476709364196715057e+00
4.986694784087752851e+03 -7.238731654399073179e+00 4.480514551734574802e+00
4.986942831574562661e+03 -7.157775019693444207e+00 4.484322794169153248e+00
4.987190879061372470e+03 -7.068535877654075428e+00 4.473853611937887109e+00
4.987438926548180461e+03 -6.987766430252856154e+00 4.440300989247667474e+00
4.987686974034990271e+03 -6.929987279191689886e+00 4.393205522091025550e+00
4.987935021521800081e+03 -6.898511320640822397e+00 4.346575478146103677e+00
4.988183069008608072e+03 -6.887511714250731387e+00 4.311112916412630724e+00
4.988431116495417882e+03 -6.892271189574047163e+00 4.291419716966045961e+00
4.988679163982227692e+03 -6.902572752206005191e+00 4.295063846442294775e+00
4.988927211469035683e+03 -6.907515300193315610e+00 4.317150274484662376e+00
4.989175258955845493e+03 -6.899557357893200127e+00 4.352383039095643724e+00
4.989423306442655303e+03 -6.879477043698992489e+00 4.388975954868790552e+00
4.989671353929463294e+03 -6.848436596192117420e+00 4.425854114003653805e+00
4.989919401416273104e+03 -6.812235119109191217e+00 4.454849668174061250e+00
4.990167448903082914e+03 -6.768160287427306798e+00 4.481882601169741243e+00
4.990415496389892724e+03 -6.726451366989869562e+00 4.488224086906908994e+00
4.990663543876700714e+03 -6.699613322499307522e+00 4.493339406846963868e+00
4.990911591363510524e+03 -6.689228784519558602e+00 4.499696120957108469e+00
4.991159638850320334e+03 -6.683585304857312615e+00 4.530028570314891923e+00
4.991407686337128325e+03 -6.670243778729897599e+00 4.566809580852984496e+00
4.991655733823938135e+03 -6.649745364712323692e+00 4.615368572742782227e+00
4.991903781310747945e+03 -6.616219741494473006e+00 4.664419754465099821e+00
4.992151828797555936e+03 -6.574245139041328123e+00 4.711817598592118017e+00
4.992399876284365746e+03 -6.525659134285338503e+00 4.754492170020640174e+00
4.992647923771175556e+03 -6.474174308696668767e+00 4.795296580740440184e+00
4.992895971257983547e+03 -6.408079993289245380e+00 4.834087686300976294e+00
4.993144018744793357e+03 -6.342075830628007616e+00 4.848237023700361803e+00
4.993392066231603167e+03 -6.288199873400595941e+00 4.861126478785446459e+00
4.993640113718411158e+03 -6.239415451771742838e+00 4.871001204436276488e+00
4.993888161205220968e+03 -6.196720253461696970e+00 4.883950021892151661e+00
4.994136208692030777e+03 -6.158580692718481409e+00 4.901404589636372044e+00
4.994384256178838768e+03 -6.117959560974122191e+00 4.929576493731850029e+00
4.994632303665648578e+03 -6.067896940433928243e+00 4.960335918584999781e+00
4.994880351152458388e+03 -6.010521601245269352e+00 4.991285442990444743e+00
4.995128398639266379e+03 -5.940816786702923125e+00 5.019466295355294427e+00
4.995376446126076189e+03 -5.862365142613418456e+00 5.033215769465000378e+00
4.995872541099693990e+03 -5.721350537866394248e+00 5.031545566695132976e+00
4.996120588586503800e+03 -5.653161530864467821e+00 5.019866245795896909e+00
4.996368636073313610e+03 -5.593302992338784918e+00 5.004084415263752916e+00
4.996616683560121601e+03 -5.537041195557910633e+00 4.987053075467682284e+00
4.996864731046931411e+03 -5.485896025338838022e+00 4.965357168551206790e+00
4.997112778533741221e+03 -5.442519416108979158e+00 4.942143238327060928e+00
4.997360826020549212e+03 -5.407862333973159075e+00 4.920641324555845131e+00
4.997608873507359021e+03 -5.380577187197245870e+00 4.906618638854729042e+00
4.997856920994168831e+03 -5.351104989549484436e+00 4.900861990045171979e+00
4.998104968480976822e+03 -5.326703273603815347e+00 4.896800351276638708e+00
4.998353015967786632e+03 -5.297170426836898649e+00 4.914360825074293615e+00
4.998601063454596442e+03 -5.244693776713819311e+00 4.931983417666880420e+00
4.998849110941404433e+03 -5.177002987421236213e+00 4.936835214797258509e+00
4.999097158428214243e+03 -5.112537597624512209e+00 4.920895751554671627e+00
4.999345205915024053e+03 -5.056839448130513226e+00 4.904886278282304168e+00
4.999593253401833863e+03 -4.996341024769114902e+00 4.887611726251710920e+00
4.999841300888641854e+03 -4.928874949465168243e+00 4.857509491157552262e+00
5.000089348375451664e+03 -4.879796032204138712e+00 4.804962250217679198e+00
5.000585443349069465e+03 -4.810185646673134308e+00 4.728868371304788099e+00
5.001081538322689084e+03 -4.754992942652058296e+00 4.644038879067880821e+00
5.001577633296306885e+03 -4.725325128055241741e+00 4.560671707434305944e+00
5.002073728269924686e+03 -4.716408380187789184e+00 4.496146794196170582e+00
5.002569823243544306e+03 -4.715836917313379395e+00 4.450651946500771672e+00
5.003065918217162107e+03 -4.714542944717551087e+00 4.425272479559371419e+00
5.003562013190779908e+03 -4.709406954131449830e+00 4.408086992578883923e+00
5.004306155651207519e+03 -4.683346755955112073e+00 4.409137950997740418e+00
5.004802250624827138e+03 -4.650389693027351612e+00 4.410534315788693149e+00
5.005298345598444939e+03 -4.604502600386881639e+00 4.409496419686837143e+00
5.005794440572062740e+03 -4.552826916300359628e+00 4.391880462810247465e+00
5.006538583032490351e+03 -4.479407314722748445e+00 4.352361863403017672e+00
5.007034678006109971e+03 -4.441286587678666464e+00 4.306099766504774884e+00
5.007778820466537582e+03 -4.396328835947268310e+00 4.258587911974805351e+00
5.008274915440155382e+03 -4.372412134116705040e+00 4.213247049000826472e+00
5.008771010413775002e+03 -4.360746259643769385e+00 4.179225529502256897e+00
5.009515152874202613e+03 -4.336572591283429645e+00 4.146409303366134225e+00
5.010011247847820414e+03 -4.320048463563150420e+00 4.116468778889998958e+00
5.010755390308248025e+03 -4.297346971049804232e+00 4.086406587137889623e+00
5.011499532768675635e+03 -4.266436643692394171e+00 4.056000006968306870e+00
5.011995627742293436e+03 -4.248132711587031984e+00 4.026110315953702390e+00
5.012739770202721047e+03 -4.220110600257324762e+00 3.996107862266985666e+00
5.013235865176340667e+03 -4.200297433373600064e+00 3.962498628355894947e+00
5.013980007636768278e+03 -4.178426820641095496e+00 3.920480300979057198e+00
5.014724150097195889e+03 -4.158174369987923669e+00 3.870980616994067702e+00
5.015468292557623499e+03 -4.142947159389347433e+00 3.818214718380438910e+00
5.015964387531241300e+03 -4.147160691545926703e+00 3.766369464851472948e+00
5.016708529991668911e+03 -4.170481115684293805e+00 3.725032005552720626e+00
5.017452672452096522e+03 -4.195730130363012123e+00 3.691777591446976814e+00
5.018196814912524133e+03 -4.217082788563343954e+00 3.681525129014165287e+00
5.018940957372951743e+03 -4.227482978257864232e+00 3.672795540535471304e+00
5.019685099833379354e+03 -4.231816864426931168e+00 3.665435739542898474e+00
5.020429242293806965e+03 -4.230730577623170063e+00 3.658089310989282694e+00
5.021173384754234576e+03 -4.222625282961240956e+00 3.646650414801903217e+00
5.021917527214662186e+03 -4.217579168523449162e+00 3.620323996683486811e+00
5.022661669675089797e+03 -4.222669595635550444e+00 3.593260663305168912e+00
5.023405812135517408e+03 -4.236892224803328055e+00 3.566368837193297558e+00
5.024149954595945019e+03 -4.261781341740314311e+00 3.546598899606245858e+00
5.024894097056372630e+03 -4.288030804216266922e+00 3.542562965836315136e+00
5.025638239516800240e+03 -4.311155477045153894e+00 3.543991948572850603e+00
5.026382381977227851e+03 -4.328697434459353843e+00 3.555612454083846075e+00
5.027374571924465272e+03 -4.341903476770212933e+00 3.569630206226570124e+00
5.028118714384892883e+03 -4.346597893275396807e+00 3.583966717834262461e+00
5.028862856845320493e+03 -4.343940468441755520e+00 3.595256343573846713e+00
5.029855046792557914e+03 -4.336642161456881972e+00 3.601385093070724075e+00
5.030599189252985525e+03 -4.332496275787817375e+00 3.598318011653793391e+00
5.031343331713413136e+03 -4.332912477414443408e+00 3.592968002685647200e+00
5.032335521660650556e+03 -4.339553780710860842e+00 3.585378568256787357e+00
5.033079664121078167e+03 -4.349945203886842471e+00 3.578076043990946697e+00
5.034071854068313769e+03 -4.373825198374367673e+00 3.570948827376475343e+00
5.034815996528741380e+03 -4.399587397114641973e+00 3.573045225566102268e+00
5.035808186475978800e+03 -4.443110937621978174e+00 3.584365192452389604e+00
5.036552328936406411e+03 -4.473330173522435338e+00 3.620536514928389238e+00
5.037544518883643832e+03 -4.503964969215275005e+00 3.663070918774240958e+00
5.038288661344071443e+03 -4.516489910717622180e+00 3.721740210332677545e+00
5.039280851291308863e+03 -4.508585757911967917e+00 3.783454792579051151e+00
5.040273041238544465e+03 -4.488116032985919546e+00 3.846046026981055022e+00
5.041017183698972076e+03 -4.457990257033139336e+00 3.887702968616142396e+00
5.042009373646209497e+03 -4.413833403044649550e+00 3.918100960505368047e+00
5.043001563593446917e+03 -4.378627390517754847e+00 3.934668411431211155e+00
5.043993753540682519e+03 -4.350864102880247941e+00 3.950488448923340279e+00
5.044737896001110130e+03 -4.329862303006049018e+00 3.963097860114164650e+00
5.045730085948347551e+03 -4.304483282312183690e+00 3.971549032256271872e+00
5.046722275895584971e+03 -4.287382140447754786e+00 3.975116342232694500e+00
5.047714465842822392e+03 -4.283293856964144553e+00 3.978687049370855711e+00
5.048706655790057994e+03 -4.290589707329872660e+00 3.996375447249732371e+00
5.049698845737295414e+03 -4.293429597675023857e+00 4.035092450436461142e+00
5.050691035684532835e+03 -4.284621004902396280e+00 4.077797923433177374e+00
5.051683225631768437e+03 -4.271038509021848562e+00 4.120908749113087133e+00
5.052675415579005858e+03 -4.252445993008071135e+00 4.170506894165437295e+00
5.053667605526243278e+03 -4.224775230360500622e+00 4.224930596311637920e+00
5.054659795473478880e+03 -4.186138941471519992e+00 4.282073188568454647e+00
5.055651985420716301e+03 -4.135995989631917169e+00 4.337834970964614456e+00
5.056644175367953721e+03 -4.070820567727415629e+00 4.393973511127757803e+00
5.057884412801999133e+03 -3.972048090760750494e+00 4.447953935826824967e+00
5.058876602749236554e+03 -3.876957875170853995e+00 4.484247513980306188e+00
5.059868792696473975e+03 -3.769274571471069812e+00 4.496956396092965491e+00
5.060860982643709576e+03 -3.656701664025858278e+00 4.488823027712365743e+00
5.062101220077756807e+03 -3.517870293963278439e+00 4.443421178203925237e+00
5.063093410024992409e+03 -3.422638836733715273e+00 4.363534201022401859e+00
5.064085599972229829e+03 -3.365201924934204669e+00 4.270811777774724760e+00
5.065325837406277060e+03 -3.320321729709031722e+00 4.174355869823100917e+00
5.066318027353512662e+03 -3.306632029329885203e+00 4.080200179150923034e+00
5.067558264787559892e+03 -3.315901383850348161e+00 3.992596285729085093e+00
5.068550454734795494e+03 -3.343667553514651836e+00 3.917970979496801842e+00
5.069790692168842725e+03 -3.394277561237112106e+00 3.869075208219324047e+00
5.070782882116078326e+03 -3.438204716038495867e+00 3.836591601204725421e+00
5.072023119550125557e+03 -3.502980002467251275e+00 3.817192769031518829e+00
5.073263356984170969e+03 -3.584060470482479221e+00 3.823788895554588674e+00
5.074255546931408389e+03 -3.636894834171203517e+00 3.889443352726485337e+00
5.075495784365453801e+03 -3.652994570522777984e+00 3.973727345707051661e+00
5.076736021799501032e+03 -3.636215317726581908e+00 4.059634599067172722e+00
5.077728211746736633e+03 -3.591875294887982406e+00 4.130977654416623679e+00
5.078968449180783864e+03 -3.509585165806494267e+00 4.181355374114366086e+00
5.080208686614829276e+03 -3.419064740239506683e+00 4.201626269743076847e+00
5.081448924048874687e+03 -3.334846885876350253e+00 4.189923710236306498e+00
5.082441113996112108e+03 -3.276927501696298428e+00 4.171507202629166855e+00
5.083681351430159339e+03 -3.212630244853915240e+00 4.140670310115435626e+00
5.084921588864204750e+03 -3.154914333331430232e+00 4.099361868106393025e+00
5.086161826298250162e+03 -3.111450476472844340e+00 4.043317880224270411e+00
5.087402063732297393e+03 -3.085027965934845628e+00 3.987969306550745774e+00
5.088642301166342804e+03 -3.071418010771723939e+00 3.932422703727444624e+00
5.089882538600388216e+03 -3.070565740318425441e+00 3.879727033047526419e+00
5.091122776034435446e+03 -3.090966163984435688e+00 3.827658981796163040e+00
5.092363013468480858e+03 -3.120910450781370749e+00 3.811197189242680139e+00
5.093603250902528089e+03 -3.142645875914651832e+00 3.807175384693572084e+00
5.095091535823383310e+03 -3.152579707611917748e+00 3.821792558332333556e+00
5.096331773257428722e+03 -3.142031784337374400e+00 3.836729882753360243e+00
5.097572010691474134e+03 -3.118176151798162099e+00 3.841290366452912775e+00
5.098812248125521364e+03 -3.087389914007583780e+00 3.833998630943695307e+00
5.100052485559566776e+03 -3.058845474447908330e+00 3.808350005145316519e+00
5.101540770480421997e+03 -3.038659602535737747e+00 3.766738283713742419e+00
5.102781007914469228e+03 -3.036013600968765047e+00 3.725788473126344424e+00
5.104021245348514640e+03 -3.047567524342837064e+00 3.689687479751477817e+00
5.105509530269369861e+03 -3.067763370728191497e+00 3.660426874062156166e+00
5.106749767703415273e+03 -3.091061174326853678e+00 3.636076185237649749e+00
5.108238052624270495e+03 -3.124208135877545089e+00 3.624627035351705384e+00
5.109478290058317725e+03 -3.152380826257854096e+00 3.620270542197541186e+00
5.110966574979172947e+03 -3.184440688698853439e+00 3.627870851890863335e+00
5.112206812413218358e+03 -3.206110866830795825e+00 3.641346430473357820e+00
5.113695097334073580e+03 -3.229473876671522081e+00 3.657834796120002174e+00
5.114935334768120811e+03 -3.246142973610624871e+00 3.681237971892786121e+00
5.116423619688976032e+03 -3.257045760494680753e+00 3.711184677978300428e+00
5.117911904609831254e+03 -3.262116419386428490e+00 3.741340341989860541e+00
5.119152142043876665e+03 -3.261331449712978170e+00 3.768860421307423714e+00
5.120640426964731887e+03 -3.257045858051290210e+00 3.796296146837068175e+00
5.122128711885587109e+03 -3.253653205249682046e+00 3.824741418938212512e+00
5.123368949319634339e+03 -3.248742678741869394e+00 3.854016431879562887e+00
5.124857234240489561e+03 -3.237133050783041810e+00 3.890501502967012915e+00
5.126345519161344782e+03 -3.220522893300350908e+00 3.930530360396064182e+00
5.127833804082200004e+03 -3.193585700729153043e+00 3.976182729623797041e+00
5.129322089003055225e+03 -3.149230297557613412e+00 4.022310369828669074e+00
5.130810373923910447e+03 -3.087264672198517523e+00 4.055027048203682760e+00
5.132298658844765669e+03 -3.019857525779782836e+00 4.063829209887714455e+00
5.133786943765620890e+03 -2.958714263462402627e+00 4.055667138345849132e+00
5.135275228686476112e+03 -2.907174245474137830e+00 4.037573795230929186e+00
5.136763513607331333e+03 -2.863417413086221774e+00 4.016045920999783192e+00
5.138251798528186555e+03 -2.827326250374186944e+00 3.988631920915557405e+00
5.139740083449041776e+03 -2.799918590935291274e+00 3.961275836712414566e+00
5.141228368369896998e+03 -2.778594670644462195e+00 3.934193019639848909e+00
5.142716653290752220e+03 -2.763865735888165975e+00 3.907278415527114745e+00
5.144204938211607441e+03 -2.755681078452757671e+00 3.884562844593355102e+00
5.145693223132462663e+03 -2.748892359225060478e+00 3.869893522063262647e+00
5.147429555540127694e+03 -2.738885157304803641e+00 3.855015769104833012e+00
5.148917840460982916e+03 -2.731940699344609591e+00 3.840766925860429559e+00
5.150406125381838137e+03 -2.725616323311985667e+00 3.832558590810603238e+00
5.152142457789503169e+03 -2.714203039959728780e+00 3.824155186562256947e+00
5.153630742710358390e+03 -2.700465480668253537e+00 3.816026215274899158e+00
5.155119027631213612e+03 -2.688781603559426081e+00 3.799112712629327593e+00
5.156855360038878644e+03 -2.680409580300053829e+00 3.781552147243702588e+00
5.158343644959733865e+03 -2.676564413685221133e+00 3.763992626447357992e+00
5.160079977367398897e+03 -2.676430497282114018e+00 3.746255562395228722e+00
5.161568262288254118e+03 -2.681596724225920880e+00 3.728853519466974742e+00
5.163304594695917331e+03 -2.701425288747877573e+00 3.712614300268762157e+00
5.164792879616772552e+03 -2.721425045152672695e+00 3.721585639850560234e+00
5.166529212024437584e+03 -2.730925271711171387e+00 3.741595847260361207e+00
5.168017496945292805e+03 -2.726545108763873682e+00 3.761948734775134362e+00
5.169753829352957837e+03 -2.714326108993206255e+00 3.774006444803938098e+00
5.171490161760622868e+03 -2.703567881275345641e+00 3.783038016796066216e+00
5.173226494168286081e+03 -2.694112542938809085e+00 3.792089630782032650e+00
5.174714779089141302e+03 -2.683863556353644597e+00 3.804557903261768015e+00
5.176451111496806334e+03 -2.667547760189487693e+00 3.816812205019043169e+00
5.178187443904471365e+03 -2.648112844421774970e+00 3.829956321470379788e+00
5.179923776312136397e+03 -2.624157656432041907e+00 3.843141500066927119e+00
5.181660108719799609e+03 -2.592233061027062746e+00 3.856367969316818467e+00
5.183148393640654831e+03 -2.551795185012638356e+00 3.863986076883361598e+00
5.184884726048319862e+03 -2.506519247364328074e+00 3.840827712166880570e+00
5.186621058455984894e+03 -2.478079169609379573e+00 3.811221119906709642e+00
5.188357390863649925e+03 -2.462193991071789601e+00 3.781819198813579419e+00
5.190093723271313138e+03 -2.456306142233980694e+00 3.756290339886256824e+00
5.191830055678978169e+03 -2.455776076011049636e+00 3.739579386230598157e+00
5.193566388086643201e+03 -2.452829256311670481e+00 3.732129805701419389e+00
5.195302720494306413e+03 -2.445342653558658874e+00 3.724694869469638459e+00
5.197287100388781255e+03 -2.431593288752994741e+00 3.717024349506382386e+00
5.199023432796446286e+03 -2.419464890378178357e+00 3.700814484891929546e+00
5.200759765204109499e+03 -2.411760329937990832e+00 3.684271117658840744e+00
5.202496097611774530e+03 -2.407619366176225295e+00 3.665727750924524297e+00
5.204232430019439562e+03 -2.409332384089834189e+00 3.647276966301203682e+00
5.206216809913912584e+03 -2.414830607413987362e+00 3.633327027968548339e+00
5.207953142321577616e+03 -2.419760944924544965e+00 3.623788604357957244e+00
5.209689474729242647e+03 -2.425805324819238606e+00 3.614273455513661748e+00
5.211673854623715670e+03 -2.436632926078948103e+00 3.604553863039542616e+00
5.213410187031380701e+03 -2.449318565859476937e+00 3.601888519553018142e+00
5.215146519439045733e+03 -2.460935206865174418e+00 3.605794668710629924e+00
5.217130899333518755e+03 -2.469625748125671816e+00 3.614808469232389854e+00
5.218867231741183787e+03 -2.476312872629898632e+00 3.624070812912932649e+00
5.220851611635656809e+03 -2.483716919871953532e+00 3.631725389285265670e+00
5.222587944043321841e+03 -2.490599713156322448e+00 3.639623673952881777e+00
5.224572323937794863e+03 -2.500996109785214916e+00 3.647754189668310332e+00
5.226556703832269704e+03 -2.516772282744601075e+00 3.662779752323820137e+00
5.228293036239932917e+03 -2.526516474058550177e+00 3.692712915736696466e+00
5.230277416134407758e+03 -2.519263129009031488e+00 3.731163814661417444e+00
5.232261796028880781e+03 -2.496515937941065744e+00 3.769967244517971938e+00
5.233998128436545812e+03 -2.457486000509701896e+00 3.801957833373678763e+00
5.235982508331018835e+03 -2.405985826374001935e+00 3.804306217977559967e+00
5.237966888225493676e+03 -2.367904683034987467e+00 3.790799544431510792e+00
5.239951268119966699e+03 -2.341212050198882899e+00 3.777337363596759978e+00
5.241687600527631730e+03 -2.321292525569143894e+00 3.766149735418911515e+00
5.243671980422104753e+03 -2.299364265874500379e+00 3.754759504713533147e+00
5.245656360316579594e+03 -2.278536244083075868e+00 3.738010931239569512e+00
5.247640740211052616e+03 -2.264863896999914417e+00 3.715353098194690062e+00
5.249625120105525639e+03 -2.264343332792139840e+00 3.692840757959709119e+00
5.251609500000000480e+03 -2.268066350396858777e+00 3.688257634057394263e+00
5.253593879894473503e+03 -2.265901335988174559e+00 3.688185494794383956e+00
5.255578259788948344e+03 -2.259954466225585712e+00 3.688553782382324453e+00
5.257562639683421366e+03 -2.251173860318902875e+00 3.689572502219259142e+00
5.259547019577894389e+03 -2.238542808759293568e+00 3.689944217852080932e+00
5.261531399472369230e+03 -2.225104371638117584e+00 3.684266550972272736e+00
5.263763826853652063e+03 -2.213112681695945660e+00 3.675996664425097649e+00
5.265748206748125085e+03 -2.205419890250024828e+00 3.667968452307849958e+00
5.267732586642599927e+03 -2.199914313951579992e+00 3.661612243419060775e+00
5.269716966537072949e+03 -2.195253181387101460e+00 3.656874652475067045e+00
5.271949393918355781e+03 -2.188077887814356970e+00 3.654720608865279718e+00
5.273933773812830623e+03 -2.179791824271462453e+00 3.650024623262288159e+00
5.275918153707303645e+03 -2.172767313674663026e+00 3.642538417614927138e+00
5.278150581088586478e+03 -2.169899112802646801e+00 3.631072672049592942e+00
5.280134960983061319e+03 -2.178519403607263261e+00 3.619855971954246243e+00
5.282119340877534341e+03 -2.192274385023149641e+00 3.627621765382376573e+00
5.284351768258817174e+03 -2.194871635340844396e+00 3.652025116012444617e+00
5.286336148153290196e+03 -2.177527520283331519e+00 3.676791941454603752e+00
5.288568575534573029e+03 -2.151403460500830978e+00 3.678854778988211116e+00
5.290552955429047870e+03 -2.133238719343867107e+00 3.678624711657475288e+00
5.292785382810330702e+03 -2.115953318165942676e+00 3.674382103202116667e+00
5.295017810191613535e+03 -2.102114911905425654e+00 3.670149610185930111e+00
5.297002190086086557e+03 -2.091093692418790173e+00 3.667380899151203355e+00
5.299234617467371208e+03 -2.078776011507712962e+00 3.665374735144030005e+00
5.301467044848654041e+03 -2.064556385355438284e+00 3.665071707252681499e+00
5.303451424743127063e+03 -2.049188813896230865e+00 3.663288605699895228e+00
5.305683852124409896e+03 -2.030169896913759597e+00 3.657659346521383359e+00
5.307916279505692728e+03 -2.012142531635527476e+00 3.646022682413137428e+00
5.310148706886975560e+03 -1.999427523304270204e+00 3.628331480863128622e+00
5.312133086781450402e+03 -1.997378819112998416e+00 3.610928624470358450e+00
5.314365514162733234e+03 -1.999465575144617979e+00 3.603884045536734693e+00
5.316597941544016066e+03 -1.997782920586568922e+00 3.601670844111446002e+00
5.318830368925298899e+03 -1.993005107039240498e+00 3.599615811642575824e+00
5.321062796306581731e+03 -1.986744436566924010e+00 3.597422917361818406e+00
5.323295223687864564e+03 -1.979288500147865282e+00 3.594885610726191061e+00
5.325527651069147396e+03 -1.970797090196146462e+00 3.590158447393490437e+00
5.327760078450430228e+03 -1.964565372082802908e+00 3.581456839241601298e+00
5.329992505831713061e+03 -1.964360837559852468e+00 3.572785270620203235e+00
5.332224933212995893e+03 -1.964855924485670702e+00 3.573443715530959963e+00
5.334705408081088535e+03 -1.961712732292080208e+00 3.573924811459561646e+00
5.336937835462371368e+03 -1.957708521081433339e+00 3.575640608956739630e+00
5.339170262843654200e+03 -1.952517730924798967e+00 3.577408215042417350e+00
5.341402690224937032e+03 -1.946073773283426789e+00 3.579199105286244631e+00
5.343635117606219865e+03 -1.939234980613564918e+00 3.579739423111226948e+00
5.346115592474312507e+03 -1.933530403846454915e+00 3.580122746626984043e+00
5.348348019855595339e+03 -1.927110127032779507e+00 3.586370523492347751e+00
5.350580447236878172e+03 -1.914976473283526825e+00 3.592651428684734860e+00
5.353060922104970814e+03 -1.898533851768966274e+00 3.594198253036357649e+00
5.355293349486253646e+03 -1.882944945439557038e+00 3.593900703201788005e+00
5.357773824354346289e+03 -1.864729038718403009e+00 3.589029729375875277e+00
5.360006251735629121e+03 -1.849694153636951777e+00 3.579726869706209236e+00
5.362238679116911953e+03 -1.839431821764108133e+00 3.566654787237193425e+00
5.364719153985004596e+03 -1.834421017222196859e+00 3.553504783522784205e+00
5.367199628853097238e+03 -1.834650507252912233e+00 3.544280191310483996e+00
5.369432056234380070e+03 -1.833846069169348336e+00 3.545183818376739904e+00
5.371912531102470894e+03 -1.826984693683900707e+00 3.545989318299724857e+00
5.374144958483755545e+03 -1.819223352709243624e+00 3.543176838572275500e+00
5.376625433351846368e+03 -1.811625463914323886e+00 3.539199294284721020e+00
5.379105908219939010e+03 -1.804215918968298693e+00 3.535278885744937316e+00
5.381338335601221843e+03 -1.797964430570987870e+00 3.530522146404517336e+00
5.383818810469314485e+03 -1.791946972965664742e+00 3.525338552649293078e+00
5.386299285337407127e+03 -1.787479563938014548e+00 3.518953767750690798e+00
5.388779760205497951e+03 -1.787267947380481559e+00 3.512640036815811051e+00
5.391260235073590593e+03 -1.788331200702985901e+00 3.513725232825962497e+00
5.393740709941683235e+03 -1.788274022834692945e+00 3.515814863225137810e+00
5.395973137322966068e+03 -1.785783207557643637e+00 3.523799611914022467e+00
5.398453612191058710e+03 -1.777675461317028915e+00 3.531853057525951911e+00
5.400934087059149533e+03 -1.765619787654908013e+00 3.539943355161968785e+00
5.403414561927242175e+03 -1.747810832267615355e+00 3.547188850710111918e+00
5.405895036795334818e+03 -1.725727127014403672e+00 3.547571259154500112e+00
5.408375511663427460e+03 -1.699572906507958336e+00 3.543190668954664169e+00
5.411104034018328093e+03 -1.678148475533845607e+00 3.516149292453964126e+00
5.413584508886420736e+03 -1.678899232272941910e+00 3.489381393254018526e+00
5.416064983754513378e+03 -1.685465117273036828e+00 3.484704033646927268e+00
5.418545458622604201e+03 -1.686986876962745185e+00 3.481270191454168383e+00
5.421025933490696843e+03 -1.685526909896084113e+00 3.483220966659342999e+00
5.423506408358789486e+03 -1.678427105769596306e+00 3.485248443529367801e+00
5.426234930713690119e+03 -1.667723607156639476e+00 3.482447103946050504e+00
5.428715405581782761e+03 -1.659172195784505588e+00 3.476456706200070190e+00
5.431195880449875403e+03 -1.653323912758279279e+00 3.469003920265040009e+00
5.433924402804776037e+03 -1.650136341629583558e+00 3.461688194497591908e+00
5.436404877672868679e+03 -1.648805254664430509e+00 3.458306605798315392e+00
5.438885352540961321e+03 -1.645563466798068752e+00 3.458654973980743730e+00
5.441613874895861954e+03 -1.637629081633062977e+00 3.459112025521811962e+00
5.444094349763954597e+03 -1.625780736073179966e+00 3.456943658298715416e+00
5.446822872118855230e+03 -1.616147730900964197e+00 3.441817939687663142e+00
5.449303346986947872e+03 -1.619350531073897148e+00 3.426705116846024968e+00
5.452031869341850324e+03 -1.628574675218692924e+00 3.424021869471448820e+00
5.454760391696750958e+03 -1.633351505850683560e+00 3.429757806618702443e+00
5.457240866564843600e+03 -1.632262379268777375e+00 3.436933014353892979e+00
5.459969388919744233e+03 -1.626361034501766500e+00 3.444204407925218092e+00
5.462449863787836875e+03 -1.618024990631171223e+00 3.449066963545300180e+00
5.465178386142737509e+03 -1.607181632281226236e+00 3.452074899830138488e+00
5.467906908497639961e+03 -1.595896057376681831e+00 3.452806679224483144e+00
5.470635430852540594e+03 -1.583393134188833651e+00 3.453497700487289546e+00
5.473115905720633236e+03 -1.570885149572188944e+00 3.450086366416788231e+00
5.475844428075533870e+03 -1.559928697472467096e+00 3.442175130047303799e+00
5.478572950430436322e+03 -1.552992055992167275e+00 3.434204264068328349e+00
5.481301472785336955e+03 -1.549040873239747373e+00 3.428176005827489714e+00
5.484029995140239407e+03 -1.544187367595493576e+00 3.427288345111346501e+00
5.486758517495140040e+03 -1.535416027083082779e+00 3.426287825537066567e+00
5.489487039850042493e+03 -1.521595038069919026e+00 3.423161677183274687e+00
5.492215562204943126e+03 -1.511683799330675537e+00 3.405235509459410892e+00
5.494944084559843759e+03 -1.517334366139757806e+00 3.387233647135143855e+00
5.497672606914746211e+03 -1.526152781975192996e+00 3.388624348449057688e+00
5.500401129269646844e+03 -1.528282493044790469e+00 3.391702913382376394e+00
5.503129651624549297e+03 -1.526858715691994606e+00 3.396549558481091413e+00
5.505858173979449930e+03 -1.521928491223080826e+00 3.401230837484726877e+00
5.508586696334352382e+03 -1.513907751979586269e+00 3.404736981924148420e+00
5.511563266176062825e+03 -1.504010926037758544e+00 3.404455881950810614e+00
5.514291788530963458e+03 -1.496139815651130522e+00 3.402179680525065919e+00
5.517020310885865911e+03 -1.490350783641860799e+00 3.399707872604928127e+00
5.519996880727576354e+03 -1.484135766410546342e+00 3.399526827673372331e+00
5.522725403082476987e+03 -1.476814520005609532e+00 3.399302040839126349e+00
5.525453925437379439e+03 -1.468884496823445795e+00 3.397604635202891021e+00
5.528430495279089882e+03 -1.460014776871460640e+00 3.395337257250123475e+00
5.531159017633990516e+03 -1.451516798237021399e+00 3.391798133488994171e+00
5.533887539988892968e+03 -1.444159428355180408e+00 3.386190523766337002e+00
5.536864109830603411e+03 -1.437990542364174784e+00 3.380133307745724291e+00
5.539592632185504044e+03 -1.434121107630865088e+00 3.374249782879020554e+00
5.542569202027214487e+03 -1.431131652448122571e+00 3.370200802115376426e+00
5.545545771868924930e+03 -1.428140097229043226e+00 3.366139865521506902e+00
5.548274294223827383e+03 -1.426551216112530884e+00 3.362325283450853242e+00
5.551250864065537826e+03 -1.426665878583763369e+00 3.359625939479771617e+00
5.553979386420438459e+03 -1.427080076850202772e+00 3.360609148813068714e+00
5.556955956262148902e+03 -1.426825519984831203e+00 3.363310814413658534e+00
5.559932526103859345e+03 -1.423702795374478747e+00 3.370983028485034172e+00
5.562909095945571607e+03 -1.414695661089088174e+00 3.378548662757260068e+00
5.565637618300472241e+03 -1.404359379059453072e+00 3.380595898608510286e+00
5.568614188142182684e+03 -1.394078235888756012e+00 3.382166940349133899e+00
5.571590757983893127e+03 -1.383199759600455936e+00 3.383451446234981841e+00
5.574567327825603570e+03 -1.369981758451557674e+00 3.384680521796460617e+00
5.577543897667314013e+03 -1.355866530323502239e+00 3.381040298489923934e+00
5.580520467509026275e+03 -1.342349499442944127e+00 3.376196001980868111e+00
5.583497037350736719e+03 -1.330362318548674150e+00 3.367240711066368242e+00
5.586473607192447162e+03 -1.321419676843107904e+00 3.357903437411311920e+00
5.589450177034157605e+03 -1.314068599618355426e+00 3.349030972918389359e+00
5.592426746875868048e+03 -1.308639519920292926e+00 3.339374474153992800e+00
5.595403316717578491e+03 -1.303918319136938120e+00 3.332358504372138874e+00
5.598379886559288934e+03 -1.299487434738692659e+00 3.322686913661459851e+00
5.601356456400999377e+03 -1.297531412371427217e+00 3.312886185828041619e+00
5.604333026242709821e+03 -1.298265962779351801e+00 3.303228902024830216e+00
5.607309596084420264e+03 -1.302444321827516793e+00 3.295110772345355432e+00
5.610286165926132526e+03 -1.309166494129953451e+00 3.291633399919068115e+00
5.613510783254650960e+03 -1.314084997792662746e+00 3.295191368676991139e+00
5.616487353096361403e+03 -1.314545435802931372e+00 3.299198923278232165e+00
5.619463922938073665e+03 -1.312880074163480293e+00 3.302603858204011367e+00
5.622688540266592099e+03 -1.310508130883170086e+00 3.305572963594874736e+00
5.625665110108302542e+03 -1.308145215864447319e+00 3.308977557412335457e+00
5.628641679950014804e+03 -1.305010667785901246e+00 3.313294839238908107e+00
5.631866297278533239e+03 -1.299101075514810466e+00 3.319684384257203469e+00
5.634842867120243682e+03 -1.290686299630697809e+00 3.324225820989536118e+00
5.638067484448763935e+03 -1.280912596021675176e+00 3.326015549755577005e+00
5.641044054290474378e+03 -1.271936370071958367e+00 3.327375702051728723e+00
5.644268671618994631e+03 -1.261778495648179232e+00 3.327635544007991886e+00
5.647245241460705074e+03 -1.252074076237865041e+00 3.327086330849311491e+00
5.650469858789225327e+03 -1.240960022773887728e+00 3.325165066778817291e+00
5.653694476117745580e+03 -1.231621300434006638e+00 3.319687261332513462e+00
5.656671045959456023e+03 -1.225066634144305722e+00 3.315506346721524444e+00
5.659895663287976276e+03 -1.218872929391431326e+00 3.310978992948433230e+00
5.663120280616494711e+03 -1.214070347085037360e+00 3.306757425197358380e+00
5.666096850458206973e+03 -1.210017667214206005e+00 3.304726571890168607e+00
5.669321467786725407e+03 -1.205633594867004277e+00 3.302560922463934290e+00
5.672546085115245660e+03 -1.200146366234325912e+00 3.302819052894511387e+00
5.675770702443765913e+03 -1.194142435234948341e+00 3.300733157832079989e+00
5.678995319772286166e+03 -1.187633755628613841e+00 3.301008195763376563e+00
5.682219937100804600e+03 -1.180580223394103179e+00 3.298647023198241879e+00
5.685196506942516862e+03 -1.174700915440524351e+00 3.297483865697430794e+00
5.688421124271035296e+03 -1.168079023866776867e+00 3.295441701735811968e+00
5.691645741599555549e+03 -1.161752693826624716e+00 3.293447880696110275e+00
5.694870358928075802e+03 -1.155812260738664055e+00 3.291498254412606794e+00
5.698094976256596055e+03 -1.145443303303039340e+00 3.291307036056558388e+00
