3.178676551919848325e+00
3.179576318309135896e+00
3.180476084698423023e+00
3.181375851087710593e+00
3.182275617476997720e+00
3.183175383866285291e+00
3.184075150255572417e+00
3.184974916644859988e+00
3.185874683034147559e+00
3.186774449423434685e+00
3.187674215812722256e+00
3.188573982202009383e+00
3.189473748591296953e+00
3.190373514980584080e+00
3.191273281369871651e+00
3.192173047759158777e+00
3.193072814148446348e+00
3.193972580537733919e+00
3.194872346927021045e+00
3.195772113316308616e+00
3.196671879705595742e+00
3.197571646094883313e+00
3.198471412484170440e+00
3.199371178873458010e+00
3.200270945262745137e+00
3.201170711652032708e+00
3.202070478041320278e+00
3.202970244430607405e+00
3.203870010819894976e+00
3.204769777209182102e+00
3.205669543598469673e+00
3.206569309987756800e+00
3.207469076377044370e+00
3.208368842766331941e+00
3.209268609155619068e+00
3.210168375544906638e+00
3.211068141934193765e+00
3.211967908323481335e+00
3.212867674712768462e+00
3.213767441102056033e+00
3.214667207491343603e+00
3.215566973880630730e+00
3.216466740269918301e+00
3.217366506659205427e+00
3.218266273048492998e+00
3.219166039437780125e+00
3.220065805827067695e+00
3.220965572216354822e+00
3.221865338605642393e+00
