4.880000000000000000e+03
4.885000000000000000e+03
4.890000000000000000e+03
4.895000000000000000e+03
4.900000000000000000e+03
4.905000000000000000e+03
4.910000000000000000e+03
4.915000000000000000e+03
4.920000000000000000e+03
4.925000000000000000e+03
4.930000000000000000e+03
4.935000000000000000e+03
4.940000000000000000e+03
4.945000000000000000e+03
4.950000000000000000e+03
4.955000000000000000e+03
4.960000000000000000e+03
4.965000000000000000e+03
4.965000000000000000e+03
4.965500000000000000e+03
4.966000000000000000e+03
4.966500000000000000e+03
4.967000000000000000e+03
4.967500000000000000e+03
4.968000000000000000e+03
4.968500000000000000e+03
4.969000000000000000e+03
4.969500000000000000e+03
4.970000000000000000e+03
4.970500000000000000e+03
4.971000000000000000e+03
4.971500000000000000e+03
4.972000000000000000e+03
4.972500000000000000e+03
4.973000000000000000e+03
4.973500000000000000e+03
4.974000000000000000e+03
4.974500000000000000e+03
4.975000000000000000e+03
4.975500000000000000e+03
4.976000000000000000e+03
4.976500000000000000e+03
4.977000000000000000e+03
4.977500000000000000e+03
4.978000000000000000e+03
4.978500000000000000e+03
4.979000000000000000e+03
4.979500000000000000e+03
4.980000000000000000e+03
4.980500000000000000e+03
4.981000000000000000e+03
4.981500000000000000e+03
4.982000000000000000e+03
4.982500000000000000e+03
4.983000000000000000e+03
4.983500000000000000e+03
4.984000000000000000e+03
4.984500000000000000e+03
4.985000000000000000e+03
4.985500000000000000e+03
4.986000000000000000e+03
4.986500000000000000e+03
4.987000000000000000e+03
4.987500000000000000e+03
4.988000000000000000e+03
4.988500000000000000e+03
4.989000000000000000e+03
4.989500000000000000e+03
4.990000000000000000e+03
4.990500000000000000e+03
4.991000000000000000e+03
4.991500000000000000e+03
4.992000000000000000e+03
4.992500000000000000e+03
4.993000000000000000e+03
4.993500000000000000e+03
4.994000000000000000e+03
4.994500000000000000e+03
4.995000000000000000e+03
4.995500000000000000e+03
4.996000000000000000e+03
4.996500000000000000e+03
4.997000000000000000e+03
4.997500000000000000e+03
4.998000000000000000e+03
4.998500000000000000e+03
4.999000000000000000e+03
4.999500000000000000e+03
5.000000000000000000e+03
5.000500000000000000e+03
5.002000000000000000e+03
5.004000000000000000e+03
5.006000000000000000e+03
5.008000000000000000e+03
5.010000000000000000e+03
5.012000000000000000e+03
5.014000000000000000e+03
5.016000000000000000e+03
5.018000000000000000e+03
5.020000000000000000e+03
5.022000000000000000e+03
5.024000000000000000e+03
5.026000000000000000e+03
5.028000000000000000e+03
5.030000000000000000e+03
5.032000000000000000e+03
5.034000000000000000e+03
5.036000000000000000e+03
5.038000000000000000e+03
5.040000000000000000e+03
5.042000000000000000e+03
5.044000000000000000e+03
5.046000000000000000e+03
5.048000000000000000e+03
5.050000000000000000e+03
5.052000000000000000e+03
5.055000000000000000e+03
5.060000000000000000e+03
5.065000000000000000e+03
5.070000000000000000e+03
5.075000000000000000e+03
5.080000000000000000e+03
5.085000000000000000e+03
5.090000000000000000e+03
5.095000000000000000e+03
5.100000000000000000e+03
5.105000000000000000e+03
5.110000000000000000e+03
5.115000000000000000e+03
5.120000000000000000e+03
5.125000000000000000e+03
5.130000000000000000e+03
5.135000000000000000e+03
5.140000000000000000e+03
5.145000000000000000e+03
5.150000000000000000e+03
5.155000000000000000e+03
5.160000000000000000e+03
5.165000000000000000e+03
5.170000000000000000e+03
5.175000000000000000e+03
5.180000000000000000e+03
5.185000000000000000e+03
5.190000000000000000e+03
5.195000000000000000e+03
5.200000000000000000e+03
5.205000000000000000e+03
